[0][548]
[1][551]
[2][554]
[3][557]
[4][560]
[5][563]
[6][566]
[7][569]
[8][572]
[9][575]
[10][578]
[11][581]
[12][584]
[13][587]
[14][590]
[15][593]
[16][596]
[17][599]
[18][602]
[19][605]
[20][608]
[21][611]
[22][614]
[23][617]
[24][620]
[25][623]
[26][626]
[27][629]
[28][632]
[29][635]
[30][638]
[31][641]
[32][644]
[33][647]
[34][650]
[35][653]
[36][656]
[37][659]
[38][662]
[39][665]
[40][668]
[41][671]
[42][674]
[43][677]
[44][680]
[45][683]
[46][686]
[47][689]
[48][692]
[49][695]
[50][698]
[51][701]
[52][704]
[53][707]
[54][710]
[55][713]
[56][716]
[57][719]
[58][722]
[59][725]
[60][728]
[61][731]
[62][734]
[63][737]
[64][740]
[65][743]
[66][746]
[67][749]
[68][752]
[69][755]
[70][758]
[71][761]
[72][764]
[73][767]
[74][770]
[75][773]
[76][776]
[77][779]
[78][782]
[79][785]
[80][788]
[81][791]
[82][794]
[83][797]
[84][800]
[85][803]
[86][806]
[87][809]
[88][812]
[89][815]
[90][16]
[91][19]
[92][22]
[93][25]
[94][28]
[95][31]
[96][34]
[97][37]
[98][40]
[99][43]
[100][46]
[101][49]
[102][52]
[103][55]
[104][58]
[105][61]
[106][64]
[107][67]
[108][70]
[109][73]
[110][76]
[111][79]
[112][82]
[113][85]
[114][88]
[115][91]
[116][94]
[117][97]
[118][100]
[119][103]
[120][106]
[121][109]
[122][112]
[123][115]
[124][118]
[125][121]
[126][124]
[127][127]
[128][130]
[129][133]
[130][136]
[131][139]
[132][142]
[133][145]
[134][148]
[135][151]
[136][154]
[137][157]
[138][160]
[139][163]
[140][166]
[141][169]
[142][172]
[143][175]
[144][178]
[145][181]
[146][184]
[147][187]
[148][190]
[149][193]
[150][196]
[151][199]
[152][202]
[153][205]
[154][208]
[155][211]
[156][214]
[157][217]
[158][220]
[159][223]
[160][226]
[161][229]
[162][232]
[163][235]
[164][238]
[165][241]
[166][244]
[167][247]
[168][250]
[169][253]
[170][256]
[171][259]
[172][262]
[173][265]
[174][268]
[175][271]
[176][274]
[177][277]
[178][280]
[179][283]
[180][286]
[181][289]
[182][292]
[183][295]
[184][298]
[185][301]
[186][304]
[187][307]
[188][310]
[189][313]
[190][316]
[191][319]
[192][322]
[193][325]
[194][328]
[195][331]
[196][334]
[197][337]
[198][340]
[199][343]
[200][346]
[201][349]
[202][352]
[203][355]
[204][358]
[205][361]
[206][364]
[207][367]
[208][370]
[209][373]
[210][376]
[211][379]
[212][382]
[213][385]
[214][388]
[215][391]
[216][394]
[217][397]
[218][400]
[219][403]
[220][406]
[221][409]
[222][412]
[223][415]
[224][418]
[225][421]
[226][424]
[227][427]
[228][430]
[229][433]
[230][436]
[231][439]
[232][442]
[233][445]
[234][448]
[235][451]
[236][454]
[237][457]
[238][460]
[239][463]
[240][466]
[241][469]
[242][472]
[243][475]
[244][478]
[245][481]
[246][484]
[247][487]
[248][490]
[249][493]
[250][496]
[251][499]
[252][502]
[253][505]
[254][508]
[255][511]
[256][514]
[257][517]
[258][520]
[259][523]
[260][526]
[261][529]
[262][532]
[263][535]
[264][538]
[265][541]
[266][544]
[267][547]
[268][550]
[269][553]
[270][556]
[271][559]
[272][562]
[273][565]
[274][568]
[275][571]
[276][574]
[277][577]
[278][580]
[279][583]
[280][586]
[281][589]
[282][592]
[283][595]
[284][598]
[285][601]
[286][604]
[287][607]
[288][610]
[289][613]
[290][616]
[291][619]
[292][622]
[293][625]
[294][628]
[295][631]
[296][634]
[297][637]
[298][640]
[299][643]
[300][646]
[301][649]
[302][652]
[303][655]
[304][658]
[305][661]
[306][664]
[307][667]
[308][670]
[309][673]
[310][676]
[311][679]
[312][682]
[313][685]
[314][688]
[315][691]
[316][694]
[317][697]
[318][700]
[319][703]
[320][706]
[321][709]
[322][712]
[323][715]
[324][718]
[325][721]
[326][724]
[327][727]
[328][730]
[329][733]
[330][736]
[331][739]
[332][742]
[333][745]
[334][748]
[335][751]
[336][754]
[337][757]
[338][760]
[339][763]
[340][766]
[341][769]
[342][772]
[343][775]
[344][778]
[345][781]
[346][784]
[347][787]
[348][790]
[349][793]
[350][796]
[351][799]
[352][802]
[353][805]
[354][808]
[355][811]
[356][814]
[357][15]
[358][18]
[359][21]
[360][24]
[361][27]
[362][30]
[363][33]
[364][36]
[365][39]
[366][42]
[367][45]
[368][48]
[369][51]
[370][54]
[371][57]
[372][60]
[373][63]
[374][66]
[375][69]
[376][72]
[377][75]
[378][78]
[379][81]
[380][84]
[381][87]
[382][90]
[383][93]
[384][96]
[385][99]
[386][102]
[387][105]
[388][108]
[389][111]
[390][114]
[391][117]
[392][120]
[393][123]
[394][126]
[395][129]
[396][132]
[397][135]
[398][138]
[399][141]
[400][144]
[401][147]
[402][150]
[403][153]
[404][156]
[405][159]
[406][162]
[407][165]
[408][168]
[409][171]
[410][174]
[411][177]
[412][180]
[413][183]
[414][186]
[415][189]
[416][192]
[417][195]
[418][198]
[419][201]
[420][204]
[421][207]
[422][210]
[423][213]
[424][216]
[425][219]
[426][222]
[427][225]
[428][228]
[429][231]
[430][234]
[431][237]
[432][240]
[433][243]
[434][246]
[435][249]
[436][252]
[437][255]
[438][258]
[439][261]
[440][264]
[441][267]
[442][270]
[443][273]
[444][276]
[445][279]
[446][282]
[447][285]
[448][288]
[449][291]
[450][294]
[451][297]
[452][300]
[453][303]
[454][306]
[455][309]
[456][312]
[457][315]
[458][318]
[459][321]
[460][324]
[461][327]
[462][330]
[463][333]
[464][336]
[465][339]
[466][342]
[467][345]
[468][348]
[469][351]
[470][354]
[471][357]
[472][360]
[473][363]
[474][366]
[475][369]
[476][372]
[477][375]
[478][378]
[479][381]
[480][384]
[481][387]
[482][390]
[483][393]
[484][396]
[485][399]
[486][402]
[487][405]
[488][408]
[489][411]
[490][414]
[491][417]
[492][420]
[493][423]
[494][426]
[495][429]
[496][432]
[497][435]
[498][438]
[499][441]
[500][444]
[501][447]
[502][450]
[503][453]
[504][456]
[505][459]
[506][462]
[507][465]
[508][468]
[509][471]
[510][474]
[511][477]
[512][480]
[513][483]
[514][486]
[515][489]
[516][492]
[517][495]
[518][498]
[519][501]
[520][504]
[521][507]
[522][510]
[523][513]
[524][516]
[525][519]
[526][522]
[527][525]
[528][528]
[529][531]
[530][534]
[531][537]
[532][540]
[533][543]
[534][546]
[535][549]
[536][552]
[537][555]
[538][558]
[539][561]
[540][564]
[541][567]
[542][570]
[543][573]
[544][576]
[545][579]
[546][582]
[547][585]
[548][588]
[549][591]
[550][594]
[551][597]
[552][600]
[553][603]
[554][606]
[555][609]
[556][612]
[557][615]
[558][618]
[559][621]
[560][624]
[561][627]
[562][630]
[563][633]
[564][636]
[565][639]
[566][642]
[567][645]
[568][648]
[569][651]
[570][654]
[571][657]
[572][660]
[573][663]
[574][666]
[575][669]
[576][672]
[577][675]
[578][678]
[579][681]
[580][684]
[581][687]
[582][690]
[583][693]
[584][696]
[585][699]
[586][702]
[587][705]
[588][708]
[589][711]
[590][714]
[591][717]
[592][720]
[593][723]
[594][726]
[595][729]
[596][732]
[597][735]
[598][738]
[599][741]
[600][744]
[601][747]
[602][750]
[603][753]
[604][756]
[605][759]
[606][762]
[607][765]
[608][768]
[609][771]
[610][774]
[611][777]
[612][780]
[613][783]
[614][786]
[615][789]
[616][792]
[617][795]
[618][798]
[619][801]
[620][804]
[621][807]
[622][810]
[623][813]
[624][14]
[625][17]
[626][20]
[627][23]
[628][26]
[629][29]
[630][32]
[631][35]
[632][38]
[633][41]
[634][44]
[635][47]
[636][50]
[637][53]
[638][56]
[639][59]
[640][62]
[641][65]
[642][68]
[643][71]
[644][74]
[645][77]
[646][80]
[647][83]
[648][86]
[649][89]
[650][92]
[651][95]
[652][98]
[653][101]
[654][104]
[655][107]
[656][110]
[657][113]
[658][116]
[659][119]
[660][122]
[661][125]
[662][128]
[663][131]
[664][134]
[665][137]
[666][140]
[667][143]
[668][146]
[669][149]
[670][152]
[671][155]
[672][158]
[673][161]
[674][164]
[675][167]
[676][170]
[677][173]
[678][176]
[679][179]
[680][182]
[681][185]
[682][188]
[683][191]
[684][194]
[685][197]
[686][200]
[687][203]
[688][206]
[689][209]
[690][212]
[691][215]
[692][218]
[693][221]
[694][224]
[695][227]
[696][230]
[697][233]
[698][236]
[699][239]
[700][242]
[701][245]
[702][248]
[703][251]
[704][254]
[705][257]
[706][260]
[707][263]
[708][266]
[709][269]
[710][272]
[711][275]
[712][278]
[713][281]
[714][284]
[715][287]
[716][290]
[717][293]
[718][296]
[719][299]
[720][302]
[721][305]
[722][308]
[723][311]
[724][314]
[725][317]
[726][320]
[727][323]
[728][326]
[729][329]
[730][332]
[731][335]
[732][338]
[733][341]
[734][344]
[735][347]
[736][350]
[737][353]
[738][356]
[739][359]
[740][362]
[741][365]
[742][368]
[743][371]
[744][374]
[745][377]
[746][380]
[747][383]
[748][386]
[749][389]
[750][392]
[751][395]
[752][398]
[753][401]
[754][404]
[755][407]
[756][410]
[757][413]
[758][416]
[759][419]
[760][422]
[761][425]
[762][428]
[763][431]
[764][434]
[765][437]
[766][440]
[767][443]
[768][446]
[769][449]
[770][452]
[771][455]
[772][458]
[773][461]
[774][464]
[775][467]
[776][470]
[777][473]
[778][476]
[779][479]
[780][482]
[781][485]
[782][488]
[783][491]
[784][494]
[785][497]
[786][500]
[787][503]
[788][506]
[789][509]
[790][512]
[791][515]
[792][518]
[793][521]
[794][524]
[795][527]
[796][530]
[797][533]
[798][536]
[799][539]
[800][542]
[801][545]
[802][548]
[803][551]
[804][554]
[805][557]
[806][560]
[807][563]
[808][566]
[809][569]
[810][572]
[811][575]
[812][578]
[813][581]
[814][584]
[815][587]
